Date,Open,High,Low,Close,Adj Close,Volume,Opening Price Change,High Price Change,Low Price Change,Closing Price Change
2022-11-21,151.470001,154.770004,150.800003,153.169998,153.055725,40473900,-8.19000299999999,-5.25,-0.3999939999999924,-0.919998000000021
2022-11-22,153.279999,160.580002,151.220001,160.380005,160.260345,47286600,1.8099980000000073,5.809998000000007,0.41999799999999254,7.210007000000019
2022-11-23,160.979996,165.270004,160.479996,165.190002,165.066757,42724100,7.699996999999996,4.690001999999993,9.259995000000004,4.809996999999981
2022-11-25,163.179993,164.869995,161.720001,162.699997,162.578613,16793400,2.199996999999996,-0.4000090000000114,1.2400049999999965,-2.4900049999999965
2022-11-28,160.259995,163.570007,157.25,158.270004,158.151932,30374100,-2.9199979999999925,-1.2999879999999848,-4.470000999999996,-4.429992999999996
2022-11-29,158.270004,159.320007,155.199997,156.389999,156.273331,29838400,-1.9899910000000034,-4.25,-2.050003000000004,-1.8800050000000113
2022-11-30,156.970001,169.300003,155.970001,169.229996,169.147018,56529800,-1.3000030000000038,9.979996,0.7700040000000001,12.839997000000011
2022-12-01,169.990005,172.649994,166.350006,171.350006,171.265961,47097700,13.020004,3.3499909999999886,10.380005000000011,2.1200100000000077
2022-12-02,166.589996,169.330002,164.449997,168.759995,168.677231,37138900,-3.400008999999983,-3.319991999999985,-1.9000090000000114,-2.590011000000004
2022-12-05,166.789993,169.949997,164.720001,166.100006,166.018539,35225500,0.1999969999999962,0.6199949999999887,0.27000400000000013,-2.659988999999996
2022-12-06,165.300003,165.729996,158.190002,159.869995,159.791595,35269400,-1.489990000000006,-4.220000999999996,-6.529999000000004,-6.230011000000019
2022-12-07,157.720001,161.860001,156.669998,161.199997,161.120956,37238800,-7.5800020000000075,-3.8699949999999887,-1.5200040000000001,1.3300020000000075
2022-12-08,162.729996,171.789993,159.589996,171.690002,171.605789,51545600,5.0099950000000035,9.929991999999999,2.919998000000021,10.490004999999996
2022-12-09,171.600006,175.830002,169.75,170.009995,169.926605,46533800,8.870010000000008,4.040008999999998,10.160003999999986,-1.6800069999999891
2022-12-12,170.369995,175.380005,167.970001,175.350006,175.264023,45732800,-1.2300110000000188,-0.4499969999999962,-1.7799990000000037,5.340011000000004
2022-12-13,185.309998,187.899994,177.110001,180.720001,180.631393,65658900,14.940003000000019,12.519988999999981,9.140000000000015,5.369994999999989
2022-12-14,179.869995,182.520004,174.199997,176.740005,176.653336,49688800,-5.440003000000019,-5.379989999999992,-2.910004000000015,-3.979996
2022-12-15,171.460007,173.199997,167.0,169.520004,169.436874,47854200,-8.409987999999998,-9.320007000000004,-7.199996999999996,-7.220000999999996
2022-12-16,168.639999,170.410004,164.100006,165.710007,165.628769,47823200,-2.8200080000000014,-2.7899930000000097,-2.8999939999999924,-3.80999700000001
2022-12-19,165.720001,166.089996,161.449997,162.539993,162.460281,35403900,-2.9199979999999925,-4.320007999999973,-2.6500090000000114,-3.1700139999999806
2022-12-20,160.639999,163.100006,158.520004,160.850006,160.771149,40326000,-5.0800020000000075,-2.989990000000006,-2.929992999999996,-1.6899870000000021
2022-12-21,161.139999,166.270004,161.020004,165.009995,164.929077,32502500,0.5,3.1699979999999925,2.5,4.159988999999996
2022-12-22,160.940002,161.380005,148.820007,153.389999,153.314789,56504500,-0.1999969999999962,-4.889998999999989,-12.199996999999996,-11.619996000000015
2022-12-23,151.960007,153.389999,148.830002,152.059998,151.985428,34932600,-8.979995000000002,-7.990006000000022,0.009995000000003529,-1.3300009999999816
2022-12-27,150.740005,151.0,140.559998,141.210007,141.140762,46490200,-1.2200019999999938,-2.389998999999989,-8.270004,-10.849991000000017
2022-12-28,139.270004,142.619995,138.839996,140.360001,140.291168,35106600,-11.470000999999996,-8.380005000000011,-1.7200019999999938,-0.8500059999999792
2022-12-29,144.020004,146.830002,142.270004,146.029999,145.958389,35492300,4.75,4.210007000000019,3.4300079999999866,5.6699979999999925
2022-12-30,143.339996,146.289993,142.330002,146.139999,146.068329,31049000,-0.6800079999999866,-0.5400089999999977,0.05999800000000732,0.10999999999998522
2023-01-03,148.509995,149.960007,140.960007,143.149994,143.079803,40127700,5.16999899999999,3.6700139999999806,-1.3699950000000172,-2.9900049999999965
2023-01-04,145.669998,148.529999,142.410004,147.490005,147.417694,43132400,-2.839997000000011,-1.4300079999999866,1.4499969999999962,4.340011000000004
2023-01-05,144.910004,145.639999,141.479996,142.649994,142.580032,38916800,-0.759994000000006,-2.890000000000015,-0.9300079999999866,-4.840011000000004
2023-01-06,144.740005,150.100006,140.339996,148.589996,148.51712,40504400,-0.16999899999999002,4.460007000000019,-1.1399999999999864,5.940002000000021
2023-01-09,152.839996,160.559998,151.410004,156.279999,156.203384,50423100,8.099991000000017,10.459992,11.070007999999973,7.69000299999999
2023-01-10,155.070007,159.619995,154.720001,159.089996,159.011978,38410100,2.2300109999999904,-0.9400030000000186,3.30999700000001,2.80999700000001
2023-01-11,158.399994,160.279999,155.630005,160.009995,159.931503,35328500,3.3299869999999885,0.6600040000000149,0.9100040000000149,0.91999899999999
2023-01-12,161.0,166.369995,154.919998,165.110001,165.029053,55140900,2.6000060000000076,6.089995999999985,-0.7100070000000187,5.100006000000008
2023-01-13,162.779999,169.220001,161.649994,168.990005,168.907135,44728700,1.7799990000000037,2.8500060000000076,6.729996,3.8800039999999854
2023-01-17,168.990005,177.279999,168.990005,177.020004,176.933197,51110200,6.210005999999993,8.059998000000007,7.340011000000004,8.029999000000004
2023-01-18,176.669998,178.729996,172.820007,173.770004,173.684784,43962400,7.679992999999996,1.4499969999999962,3.8300020000000075,-3.25
2023-01-19,170.360001,171.970001,167.309998,167.649994,167.567764,45293200,-6.309996999999981,-6.7599950000000035,-5.510008999999997,-6.120010000000008
2023-01-20,170.110001,178.559998,168.25,178.389999,178.302536,56496700,-0.25,6.589997000000011,0.9400019999999927,10.740004999999996
2023-01-23,180.639999,192.449997,178.179993,191.929993,191.835876,65516300,10.529997999999978,13.889998999999989,9.929992999999996,13.539994000000007
2023-01-24,188.270004,194.949997,188.199997,192.649994,192.555511,49620400,7.630005000000011,2.5,10.020004,0.7200009999999963
2023-01-25,189.130005,193.699997,185.800003,193.229996,193.135239,44953700,0.8600010000000111,-1.25,-2.3999939999999924,0.5800020000000075
2023-01-26,197.009995,201.660004,192.779999,198.020004,197.922897,48953500,7.879989999999992,7.96000699999999,6.979996,4.790008
2023-01-27,194.619995,206.279999,194.050003,203.649994,203.550125,54214200,-2.390000000000015,4.619995000000017,1.2700040000000001,5.629989999999992
2023-01-30,199.5,201.399994,191.5,191.619995,191.526016,48861100,4.880005000000011,-4.880005000000011,-2.550003000000004,-12.029999000000004
2023-01-31,191.699997,196.869995,189.5,195.369995,195.2742,49801700,-7.800003000000004,-4.529999000000004,-2.0,3.75
2023-02-01,196.910004,211.919998,196.110001,209.429993,209.327286,66047700,5.21000699999999,15.050003000000004,6.610001000000011,14.059998000000007
2023-02-02,210.0,219.490005,207.0,217.089996,216.983536,56427600,13.089996000000014,7.570007000000004,10.889998999999989,7.660003000000017
2023-02-03,210.0,217.449997,207.889999,211.0,210.89653,42936600,0.0,-2.0400080000000003,0.8899989999999889,-6.0899960000000135
2023-02-06,208.059998,215.699997,207.860001,210.889999,210.786575,45219700,-1.9400019999999927,-1.75,-0.029997999999977765,-0.11000100000001112
