Date,Open,High,Low,Close,Adj Close,Volume,Opening Price Change,High Price Change,Low Price Change,Closing Price Change
2022-09-29,282.76001,283.649994,265.779999,268.209991,268.209991,77620600,-0.3199769999999944,-5.350006000000008,-11.790008,-19.600007000000005
2022-09-30,266.149994,275.570007,262.470001,265.25,265.25,67726600,-16.61001600000003,-8.079987000000017,-3.3099979999999505,-2.9599910000000023
2022-10-03,254.5,255.160004,241.009995,242.399994,242.399994,98363500,-11.649993999999992,-20.41000299999999,-21.46000600000002,-22.850006000000008
2022-10-04,250.520004,257.5,242.009995,249.440002,249.440002,109578500,-3.979996,2.3399960000000135,1.0,7.040008
2022-10-05,245.009995,246.669998,233.270004,240.809998,240.809998,86982700,-5.510008999999997,-10.830002000000007,-8.739991000000003,-8.630003999999985
2022-10-06,239.440002,244.580002,235.350006,238.130005,238.130005,69298400,-5.569993000000011,-2.089995999999985,2.0800020000000075,-2.679992999999996
2022-10-07,233.940002,234.570007,222.020004,223.070007,223.070007,83916800,-5.5,-10.009995000000004,-13.330002000000007,-15.059998000000007
2022-10-10,223.929993,226.990005,218.360001,222.960007,222.960007,67925000,-10.010008999999997,-7.5800020000000075,-3.660002999999989,-0.11000000000001364
2022-10-11,220.949997,225.75,215.0,216.5,216.5,77013200,-2.979996,-1.2400049999999965,-3.360001000000011,-6.46000699999999
2022-10-12,215.330002,219.300003,211.509995,217.240005,217.240005,66860700,-5.619994999999989,-6.449996999999996,-3.4900049999999965,0.7400049999999965
2022-10-13,208.300003,222.990005,206.220001,221.720001,221.720001,91483000,-7.029999000000004,3.6900019999999927,-5.289994000000007,4.479996
2022-10-14,224.009995,226.259995,204.160004,204.990005,204.990005,94124500,15.709992,3.269990000000007,-2.05999700000001,-16.729996
2022-10-17,210.039993,221.860001,209.449997,219.350006,219.350006,79428800,-13.970001999999994,-4.399993999999992,5.28999300000001,14.360001000000011
2022-10-18,229.5,229.820007,217.25,220.190002,220.190002,75891900,19.46000699999999,7.960005999999993,7.800003000000004,0.8399959999999851
2022-10-19,219.800003,222.929993,217.779999,222.039993,222.039993,66571500,-9.699996999999996,-6.890014000000008,0.5299990000000037,1.849991000000017
2022-10-20,208.279999,215.550003,202.0,207.279999,207.279999,117798100,-11.520004,-7.379989999999992,-15.779999000000004,-14.759994000000006
2022-10-21,206.419998,214.660004,203.800003,214.440002,214.440002,75713800,-1.8600010000000111,-0.8899990000000173,1.8000030000000038,7.160002999999989
2022-10-24,205.820007,213.5,198.589996,211.25,211.25,100446800,-0.5999909999999886,-1.1600039999999865,-5.21000699999999,-3.1900019999999927
2022-10-25,210.100006,224.350006,210.0,222.419998,222.419998,96507900,4.279999000000004,10.850006000000008,11.410003999999986,11.169997999999993
2022-10-26,219.399994,230.600006,218.199997,224.639999,224.639999,85012500,9.299987999999985,6.25,8.199996999999996,2.2200009999999963
2022-10-27,229.770004,233.809998,222.850006,225.089996,225.089996,61638800,10.370010000000008,3.2099919999999997,4.650009000000011,0.4499970000000246
2022-10-28,225.399994,228.860001,216.350006,228.520004,228.520004,69152400,-4.370010000000008,-4.949996999999996,-6.5,3.4300079999999866
2022-10-31,226.190002,229.850006,221.940002,227.539993,227.539993,61554300,0.7900080000000003,0.9900049999999965,5.589995999999985,-0.9800109999999904
2022-11-01,234.050003,237.399994,227.279999,227.820007,227.820007,62688800,7.860001000000011,7.549987999999985,5.339997000000011,0.2800139999999942
2022-11-02,226.039993,227.869995,214.820007,214.979996,214.979996,63070300,-8.010009999999994,-9.529999000000004,-12.459992,-12.840011000000004
2022-11-03,211.360001,221.199997,210.139999,215.309998,215.309998,56538800,-14.679991999999999,-6.6699979999999925,-4.680008000000015,0.33000200000000746
2022-11-04,222.600006,223.800003,203.080002,207.470001,207.470001,98622200,11.240004999999996,2.6000060000000076,-7.059996999999981,-7.839997000000011
2022-11-07,208.649994,208.899994,196.660004,197.080002,197.080002,93916500,-13.950012000000015,-14.900009000000011,-6.419998000000021,-10.389998999999989
2022-11-08,194.020004,195.199997,186.75,191.300003,191.300003,128803400,-14.629989999999992,-13.699996999999996,-9.910003999999986,-5.779999000000004
2022-11-09,190.779999,195.889999,177.119995,177.589996,177.589996,127062700,-3.2400049999999965,0.6900019999999927,-9.630005000000011,-13.71000699999999
2022-11-10,189.899994,191.0,180.029999,190.720001,190.720001,132703000,-0.8800050000000113,-4.889998999999989,2.910004000000015,13.130004999999983
2022-11-11,186.0,196.520004,182.589996,195.970001,195.970001,114403600,-3.8999939999999924,5.520004,2.55999700000001,5.25
2022-11-14,192.770004,195.729996,186.339996,190.949997,190.949997,92226600,6.770004,-0.7900080000000003,3.75,-5.020004
2022-11-15,195.880005,200.820007,192.059998,194.419998,194.419998,91293800,3.110001000000011,5.090011000000004,5.720001999999994,3.4700009999999963
2022-11-16,191.509995,192.570007,185.660004,186.919998,186.919998,66567600,-4.370010000000008,-8.25,-6.399994000000021,-7.5
2022-11-17,183.960007,186.160004,180.899994,183.169998,183.169998,64336000,-7.549988000000013,-6.410003000000017,-4.760009999999994,-3.75
2022-11-18,185.050003,185.190002,176.550003,180.190002,180.190002,76048900,1.0899960000000135,-0.9700019999999938,-4.349990999999989,-2.979996
2022-11-21,175.850006,176.770004,167.539993,167.869995,167.869995,92882700,-9.199996999999996,-8.419997999999993,-9.010009999999994,-12.320007000000004
2022-11-22,168.630005,170.919998,166.190002,169.910004,169.910004,78452300,-7.220000999999996,-5.850006000000008,-1.349991000000017,2.0400089999999977
2022-11-23,173.570007,183.619995,172.5,183.199997,183.199997,109536700,4.940001999999993,12.699996999999996,6.309998000000007,13.28999300000001
2022-11-25,185.059998,185.199997,180.630005,182.860001,182.860001,50672700,11.489991000000003,1.5800020000000075,8.130005000000011,-0.3399959999999851
2022-11-28,179.960007,188.5,179.0,182.919998,182.919998,92905200,-5.099991000000017,3.300003000000004,-1.6300050000000113,0.059996999999981426
2022-11-29,184.990005,186.380005,178.75,180.830002,180.830002,83357100,5.029998000000006,-2.1199949999999887,-0.25,-2.089995999999985
2022-11-30,182.429993,194.759995,180.630005,194.699997,194.699997,109186400,-2.5600120000000004,8.379989999999992,1.8800050000000113,13.869994999999989
2022-12-01,197.080002,198.919998,191.800003,194.699997,194.699997,80046200,14.650009000000011,4.160002999999989,11.169997999999993,0.0
2022-12-02,191.779999,196.25,191.110001,194.860001,194.860001,73645900,-5.300003000000004,-2.6699979999999925,-0.6900019999999927,0.1600040000000149
2022-12-05,189.440002,191.270004,180.550003,182.449997,182.449997,93122700,-2.339997000000011,-4.979996,-10.559998000000007,-12.410004000000015
2022-12-06,181.220001,183.649994,175.330002,179.820007,179.820007,92150800,-8.220000999999996,-7.620010000000008,-5.220000999999996,-2.6299899999999923
2022-12-07,175.029999,179.380005,172.220001,174.039993,174.039993,84213300,-6.190001999999993,-4.269988999999981,-3.110001000000011,-5.780013999999994
2022-12-08,172.199997,175.199997,169.059998,173.440002,173.440002,97624500,-2.8300020000000075,-4.180008000000015,-3.160002999999989,-0.599991000000017
2022-12-09,173.839996,182.5,173.360001,179.050003,179.050003,104872300,1.6399990000000173,7.300003000000004,4.300003000000004,5.610001000000011
2022-12-12,176.100006,177.369995,167.520004,167.820007,167.820007,109794500,2.260009999999994,-5.130005000000011,-5.839997000000011,-11.229996
2022-12-13,174.869995,175.050003,156.910004,160.949997,160.949997,175862700,-1.2300110000000188,-2.319991999999985,-10.610000000000014,-6.870010000000008
2022-12-14,159.25,161.619995,155.309998,156.800003,156.800003,140682300,-15.619994999999989,-13.430008000000015,-1.6000059999999792,-4.149993999999992
2022-12-15,153.440002,160.929993,153.279999,157.669998,157.669998,122334500,-5.809998000000007,-0.6900019999999927,-2.0299990000000037,0.8699949999999887
2022-12-16,159.639999,160.990005,150.039993,150.229996,150.229996,139032200,6.199996999999996,0.0600120000000004,-3.240005999999994,-7.440001999999993
2022-12-19,154.0,155.25,145.820007,149.869995,149.869995,139390600,-5.639998999999989,-5.7400049999999965,-4.219986000000006,-0.3600010000000111
2022-12-20,146.050003,148.470001,137.660004,137.800003,137.800003,159563300,-7.949996999999996,-6.779999000000004,-8.160003000000017,-12.069991999999985
2022-12-21,139.339996,141.259995,135.889999,137.570007,137.570007,145417400,-6.71000699999999,-7.210005999999993,-1.7700049999999976,-0.22999599999999987
2022-12-22,136.0,136.630005,122.260002,125.349998,125.349998,210090300,-3.3399960000000135,-4.629989999999992,-13.629996999999989,-12.220009000000005
2022-12-23,126.370003,128.619995,121.019997,123.150002,123.150002,166989700,-9.629997000000003,-8.010010000000023,-1.2400049999999965,-2.1999959999999987
2022-12-27,117.5,119.669998,108.760002,109.099998,109.099998,208643400,-8.870002999999997,-8.949996999999982,-12.259995000000004,-14.050004000000001
2022-12-28,110.349998,116.269997,108.239998,112.709999,112.709999,221070500,-7.150002000000001,-3.400001000000003,-0.5200040000000001,3.610000999999997
2022-12-29,120.389999,123.57,117.5,121.82,121.82,221923300,10.040001000000004,7.30000299999999,9.260002,9.110000999999997
2022-12-30,119.949997,124.480003,119.75,123.18,123.18,157777300,-0.4400020000000069,0.9100030000000032,2.25,1.3600000000000136
2023-01-03,118.470001,118.800003,104.639999,108.099998,108.099998,231402800,-1.4799959999999999,-5.679999999999993,-15.110000999999997,-15.080002000000007
2023-01-04,109.110001,114.589996,107.519997,113.639999,113.639999,180389000,-9.36,-4.2100070000000045,2.8799980000000005,5.540001000000004
2023-01-05,110.510002,111.75,107.160004,110.339996,110.339996,157986300,1.4000010000000032,-2.8399959999999993,-0.3599930000000029,-3.300003000000004
2023-01-06,103.0,114.389999,101.809998,113.059998,113.059998,220911100,-7.510002,2.639999000000003,-5.350006000000008,2.720001999999994
2023-01-09,118.959999,123.519997,117.110001,119.769997,119.769997,190284000,15.959998999999996,9.129998,15.300003000000004,6.7099990000000105
2023-01-10,121.07,122.760002,114.919998,118.849998,118.849998,167642500,2.110000999999997,-0.7599950000000035,-2.19000299999999,-0.9199990000000042
2023-01-11,122.089996,125.949997,120.510002,123.220001,123.220001,183810800,1.0199960000000061,3.189994999999996,5.590003999999993,4.370002999999997
2023-01-12,122.559998,124.129997,117.0,123.559998,123.559998,169400900,0.4700019999999938,-1.8199999999999932,-3.510002,0.3399969999999968
2023-01-13,116.550003,122.629997,115.599998,122.400002,122.400002,180714100,-6.009994999999989,-1.5,-1.4000020000000006,-1.1599959999999925
2023-01-17,125.699997,131.699997,125.019997,131.490005,131.490005,186477000,9.149993999999992,9.069999999999993,9.419999000000004,9.090002999999996
2023-01-18,136.559998,136.679993,127.010002,128.779999,128.779999,195680300,10.860001000000011,4.979996,1.9900049999999965,-2.710005999999993
2023-01-19,127.260002,129.990005,124.309998,127.169998,127.169998,170291900,-9.299996000000007,-6.689988,-2.700004000000007,-1.610000999999997
2023-01-20,128.679993,133.509995,127.349998,133.419998,133.419998,138858100,1.419990999999996,3.519990000000007,3.0400000000000063,6.249999999999986
2023-01-23,135.869995,145.380005,134.270004,143.75,143.75,203119200,7.190001999999993,11.870010000000008,6.920006000000001,10.330002000000007
2023-01-24,143.0,146.5,141.100006,143.889999,143.889999,158699100,7.130005000000011,1.1199949999999887,6.8300020000000075,0.13999899999998888
2023-01-25,141.910004,146.410004,138.070007,144.429993,144.429993,192734300,-1.0899960000000135,-0.08999600000001351,-3.0299990000000037,0.5399940000000072
2023-01-26,159.970001,161.419998,154.759995,160.270004,160.270004,234815100,18.05999700000001,15.009994000000006,16.689988,15.840011000000004
2023-01-27,162.429993,180.679993,161.169998,177.899994,177.899994,306590600,2.4599919999999997,19.259995000000004,6.410002999999989,17.629989999999992
2023-01-30,178.050003,179.770004,166.5,166.660004,166.660004,230878800,15.620010000000008,-0.9099889999999959,5.3300020000000075,-11.239990000000006
2023-01-31,164.570007,174.300003,162.779999,173.220001,173.220001,196813500,-13.479996,-5.470000999999996,-3.7200009999999963,6.55999700000001
2023-02-01,173.889999,183.809998,169.929993,181.410004,181.410004,213806300,9.319991999999985,9.509995000000004,7.149993999999992,8.19000299999999
2023-02-02,187.330002,196.75,182.610001,188.270004,188.270004,217448300,13.440003000000019,12.940001999999993,12.680008000000015,6.860000000000014
2023-02-03,183.949997,199.0,183.690002,189.979996,189.979996,232662000,-3.3800050000000113,2.25,1.0800009999999816,1.7099919999999997
2023-02-06,193.009995,198.169998,189.919998,194.759995,194.759995,186188100,9.059998000000007,-0.8300020000000075,6.229996,4.779999000000004
2023-02-07,196.429993,197.5,189.550003,196.809998,196.809998,186010300,3.4199979999999925,-0.6699979999999925,-0.36999499999998875,2.050003000000004
2023-02-08,196.100006,203.0,194.309998,201.289993,201.289993,180673600,-0.3299869999999885,5.5,4.7599950000000035,4.479995000000002
2023-02-09,207.779999,214.0,204.770004,207.320007,207.320007,215431400,11.679992999999996,11.0,10.460005999999993,6.030013999999994
2023-02-10,202.229996,206.199997,192.889999,196.889999,196.889999,204754100,-5.550003000000004,-7.800003000000004,-11.880005000000011,-10.430008000000015
2023-02-13,194.419998,196.300003,187.610001,194.639999,194.639999,172475500,-7.809998000000007,-9.899993999999992,-5.279997999999978,-2.25
2023-02-14,191.940002,209.820007,189.440002,209.25,209.25,216455700,-2.479996,13.520004,1.8300009999999816,14.610001000000011
2023-02-15,211.759995,214.660004,206.110001,214.240005,214.240005,181006400,19.81999300000001,4.839996999999983,16.66999900000002,4.9900049999999965
2023-02-16,210.779999,217.649994,201.839996,202.039993,202.039993,229586500,-0.9799959999999999,2.989990000000006,-4.270004999999998,-12.200011999999987
2023-02-17,199.990005,208.440002,197.5,208.309998,208.309998,213738500,-10.789994000000007,-9.209992,-4.3399960000000135,6.270004999999998
2023-02-21,204.990005,209.710007,197.220001,197.369995,197.369995,180018600,5.0,1.2700049999999976,-0.27999900000000366,-10.940003000000019
2023-02-22,197.929993,201.990005,191.779999,200.860001,200.860001,191828500,-7.060012,-7.720001999999994,-5.440001999999993,3.4900060000000224
2023-02-23,203.910004,205.139999,196.330002,202.070007,202.070007,146360000,5.98001099999999,3.1499939999999924,4.550003000000004,1.2100059999999928
2023-02-24,196.330002,197.669998,192.800003,196.880005,196.880005,142228100,-7.580001999999979,-7.470000999999996,-3.5299990000000037,-5.190001999999993
2023-02-27,202.029999,209.419998,201.259995,207.630005,207.630005,161028300,5.699996999999996,11.75,8.459992,10.75
2023-02-28,210.589996,211.229996,203.75,205.710007,205.710007,153144900,8.55999700000001,1.8099980000000073,2.4900049999999965,-1.919998000000021
2023-03-01,206.210007,207.199997,198.520004,202.770004,202.770004,156852800,-4.379989000000023,-4.029999000000004,-5.229996,-2.94000299999999
2023-03-02,186.740005,193.75,186.009995,190.899994,190.899994,181500700,-19.470001999999994,-13.449996999999996,-12.510008999999997,-11.870010000000008
2023-03-03,194.800003,200.479996,192.880005,197.789993,197.789993,154193300,8.059998000000007,6.729996,6.870010000000008,6.889999000000017
2023-03-06,198.539993,198.600006,192.300003,193.809998,193.809998,128100100,3.739990000000006,-1.8799899999999923,-0.5800020000000075,-3.9799950000000024
2023-03-07,191.380005,194.199997,186.100006,187.710007,187.710007,148125800,-7.1599879999999985,-4.400009000000011,-6.199996999999996,-6.099991000000017
2023-03-08,185.039993,186.5,180.0,182.0,182.0,151897800,-6.3400120000000015,-7.699996999999996,-6.100006000000008,-5.71000699999999
2023-03-09,180.25,185.179993,172.509995,172.919998,172.919998,170023800,-4.78999300000001,-1.320007000000004,-7.4900049999999965,-9.080002000000007
2023-03-10,175.130005,178.289993,168.440002,173.440002,173.440002,191488900,-5.119994999999989,-6.889999999999986,-4.069993000000011,0.5200040000000001
2023-03-13,167.460007,177.350006,163.910004,174.479996,174.479996,167790300,-7.669998000000021,-0.9399870000000021,-4.529998000000006,1.0399940000000072
2023-03-14,177.309998,183.800003,177.139999,183.259995,183.259995,143717900,9.849991000000017,6.449996999999996,13.229995000000002,8.779999000000004
2023-03-15,180.800003,182.339996,176.029999,180.449997,180.449997,145995600,3.4900049999999965,-1.4600069999999903,-1.1099999999999852,-2.8099980000000073
2023-03-16,180.369995,185.809998,178.839996,184.130005,184.130005,121136800,-0.43000800000001504,3.470001999999994,2.80999700000001,3.680008000000015
2023-03-17,184.520004,186.220001,177.330002,180.130005,180.130005,133197100,4.150009000000011,0.410002999999989,-1.509994000000006,-4.0
2023-03-20,178.080002,186.440002,176.350006,183.25,183.25,129684400,-6.440001999999993,0.22000099999999634,-0.9799959999999999,3.1199949999999887
2023-03-21,188.279999,198.0,188.039993,197.580002,197.580002,153391400,10.199996999999996,11.559998000000007,11.689987000000002,14.330002000000007
2023-03-22,199.300003,200.660004,190.949997,191.149994,191.149994,150376400,11.020004,2.6600039999999865,2.9100039999999865,-6.430008000000015
2023-03-23,195.259995,199.309998,188.649994,192.220001,192.220001,144193900,-4.040008,-1.3500059999999792,-2.300003000000004,1.070007000000004
2023-03-24,191.649994,192.360001,187.149994,190.410004,190.410004,116312400,-3.610001000000011,-6.949996999999996,-1.5,-1.8099970000000098
2023-03-27,194.419998,197.389999,189.940002,191.809998,191.809998,120851600,2.770004,5.029997999999978,2.7900080000000003,1.3999940000000208
2023-03-28,192.0,192.350006,185.429993,189.190002,189.190002,98654600,-2.4199979999999925,-5.039992999999981,-4.510008999999997,-2.6199960000000146
2023-03-29,193.130005,195.289993,189.440002,193.880005,193.880005,123660000,1.1300050000000113,2.939987000000002,4.010008999999997,4.690003000000019
2023-03-30,195.580002,197.330002,194.419998,195.279999,195.279999,110252200,2.449996999999996,2.0400089999999977,4.979996,1.3999939999999924
2023-03-31,197.529999,207.789993,197.199997,207.460007,207.460007,170222100,1.9499969999999962,10.459991000000002,2.7799990000000037,12.180007999999987
2023-04-03,199.910004,202.690002,192.199997,194.770004,194.770004,169545900,2.380004999999983,-5.099991000000017,-5.0,-12.69000299999999
2023-04-04,197.320007,198.740005,190.320007,192.580002,192.580002,126463800,-2.5899969999999826,-3.949996999999996,-1.8799899999999923,-2.1900019999999927
2023-04-05,190.520004,190.679993,183.759995,185.520004,185.520004,133882500,-6.800003000000004,-8.060012,-6.560012,-7.059998000000007
2023-04-06,183.080002,186.389999,179.740005,185.059998,185.059998,123857900,-7.440001999999993,-4.289994000000007,-4.019990000000007,-0.4600059999999928
2023-04-10,179.940002,185.100006,176.110001,184.509995,184.509995,142154600,-3.140000000000015,-1.2899929999999813,-3.6300039999999854,-0.5500030000000038
2023-04-11,186.690002,189.190002,185.649994,186.789993,186.789993,115770900,6.75,4.089995999999985,9.539992999999981,2.279998000000006
2023-04-12,190.740005,191.580002,180.309998,180.539993,180.539993,150256300,4.050003000000004,2.390000000000015,-5.339995999999985,-6.25
2023-04-13,182.960007,186.5,180.940002,185.899994,185.899994,112933000,-7.779998000000006,-5.0800020000000075,0.6300039999999854,5.360000999999983
2023-04-14,183.949997,186.279999,182.009995,185.0,185.0,96438700,0.9899900000000059,-0.22000099999999634,1.0699930000000109,-0.8999939999999924
2023-04-17,186.320007,189.690002,182.690002,187.039993,187.039993,116662200,2.3700100000000077,3.410002999999989,0.6800069999999891,2.0399930000000097
2023-04-18,187.149994,187.690002,183.580002,184.309998,184.309998,92067000,0.8299869999999885,-2.0,0.8900000000000148,-2.7299950000000024
2023-04-19,179.100006,183.5,177.649994,180.589996,180.589996,125732700,-8.049987999999985,-4.190001999999993,-5.930008000000015,-3.720001999999994
2023-04-20,166.169998,169.699997,160.559998,162.990005,162.990005,210970800,-12.930008000000015,-13.800003000000004,-17.089995999999985,-17.599991000000017
2023-04-21,164.800003,166.0,161.320007,165.080002,165.080002,123539000,-1.3699949999999887,-3.699996999999996,0.7600089999999966,2.089997000000011
2023-04-24,164.649994,165.649994,158.610001,162.550003,162.550003,140006600,-0.15000900000001138,-0.3500060000000076,-2.710005999999993,-2.5299990000000037
2023-04-25,159.820007,163.470001,158.75,160.669998,160.669998,121999300,-4.8299869999999885,-2.179992999999996,0.13999899999998888,-1.8800050000000113
2023-04-26,160.289993,160.669998,153.139999,153.75,153.75,153364100,0.4699860000000058,-2.800003000000004,-5.610001000000011,-6.9199979999999925
2023-04-27,152.639999,160.479996,152.369995,160.190002,160.190002,127015200,-7.649994000000021,-0.19000199999999268,-0.7700040000000001,6.440001999999993
2023-04-28,160.899994,165.0,157.320007,164.309998,164.309998,122515800,8.259995000000004,4.520004,4.950012000000015,4.119996000000015
2023-05-01,163.169998,163.279999,158.830002,161.830002,161.830002,109015000,2.270004,-1.7200009999999963,1.5099950000000035,-2.479996
2023-05-02,161.880005,165.490005,158.929993,160.309998,160.309998,128259700,-1.2899929999999813,2.210005999999993,0.09999099999998862,-1.5200040000000001
2023-05-03,160.009995,165.0,159.910004,160.610001,160.610001,119728000,-1.8700100000000077,-0.49000499999999647,0.9800109999999904,0.3000030000000038
2023-05-04,162.710007,162.949997,159.649994,161.199997,161.199997,95108500,2.7000119999999868,-2.050003000000004,-0.2600099999999941,0.5899959999999851
2023-05-05,163.970001,170.789993,163.509995,170.059998,170.059998,107440900,1.259994000000006,7.8399960000000135,3.860001000000011,8.860001000000011
2023-05-08,173.720001,173.800003,169.190002,171.789993,171.789993,112249400,9.75,3.010009999999994,5.680006999999989,1.7299950000000024
2023-05-09,168.949997,169.820007,166.559998,169.149994,169.149994,88965000,-4.770004,-3.979996,-2.6300039999999854,-2.6399990000000173
2023-05-10,172.550003,174.429993,166.679993,168.539993,168.539993,119840700,3.6000060000000076,4.609985999999992,0.11999499999998875,-0.6100009999999827
2023-05-11,168.699997,173.570007,166.789993,172.080002,172.080002,103889900,-3.8500060000000076,-0.8599859999999921,0.11000000000001364,3.5400089999999977
2023-05-12,176.070007,177.380005,167.229996,167.979996,167.979996,157577100,7.370010000000008,3.8099980000000073,0.44000299999999015,-4.100006000000008
2023-05-15,167.660004,169.759995,164.550003,166.350006,166.350006,105592500,-8.410003000000017,-7.620010000000008,-2.679992999999996,-1.6299899999999923
2023-05-16,165.649994,169.520004,164.350006,166.520004,166.520004,98288800,-2.010009999999994,-0.2399910000000034,-0.1999969999999962,0.16999799999999254
2023-05-17,168.410004,174.5,167.190002,173.860001,173.860001,125473600,2.760009999999994,4.979996,2.839995999999985,7.339997000000011
2023-05-18,174.220001,177.059998,172.449997,176.889999,176.889999,109520300,5.80999700000001,2.5599980000000073,5.2599950000000035,3.0299979999999778
2023-05-19,177.169998,181.949997,176.309998,180.139999,180.139999,136024200,2.949996999999996,4.889998999999989,3.860001000000011,3.25
2023-05-22,180.699997,189.320007,180.110001,188.869995,188.869995,132001400,3.5299990000000037,7.370010000000008,3.800003000000004,8.729996
2023-05-23,186.199997,192.960007,185.259995,185.770004,185.770004,156952100,5.5,3.6399999999999864,5.149993999999992,-3.0999909999999886
2023-05-24,182.229996,184.220001,178.220001,182.899994,182.899994,137605100,-3.9700009999999963,-8.740005999999994,-7.039994000000007,-2.8700100000000077
2023-05-25,186.539993,186.779999,180.580002,184.470001,184.470001,96870700,4.30999700000001,2.5599980000000073,2.360001000000011,1.570007000000004
2023-05-26,184.619995,198.600006,184.529999,193.169998,193.169998,162061500,-1.919998000000021,11.820007000000004,3.949996999999996,8.699996999999996
2023-05-30,200.100006,204.479996,197.529999,201.160004,201.160004,128818700,15.480011000000019,5.879989999999992,13.0,7.990005999999994
2023-05-31,199.779999,203.949997,195.119995,203.929993,203.929993,150711700,-0.3200070000000039,-0.5299990000000037,-2.410004000000015,2.7699890000000096
2023-06-01,202.589996,209.800003,199.369995,207.520004,207.520004,148029900,2.80999700000001,5.850006000000008,4.25,3.590011000000004
2023-06-02,210.149994,217.25,209.75,213.970001,213.970001,164129000,7.559997999999979,7.449996999999996,10.380005000000011,6.449996999999996
2023-06-05,217.800003,221.289993,214.520004,217.610001,217.610001,151143100,7.650009000000011,4.03999300000001,4.770004,3.640000000000015
2023-06-06,216.139999,221.910004,212.529999,221.309998,221.309998,146911600,-1.660004000000015,0.6200109999999768,-1.9900049999999965,3.699996999999996
2023-06-07,228.0,230.830002,223.199997,224.570007,224.570007,185710800,11.860001000000011,8.919998000000021,10.669997999999993,3.2600089999999966
2023-06-08,224.220001,235.229996,223.009995,234.860001,234.860001,164489700,-3.7799990000000037,4.399993999999992,-0.19000199999999268,10.289994000000007
2023-06-09,249.070007,252.419998,242.020004,244.399994,244.399994,199882300,24.850006000000008,17.190001999999993,19.010008999999997,9.539992999999981
2023-06-12,247.940002,250.970001,244.589996,249.830002,249.830002,150337900,-1.1300050000000113,-1.4499969999999962,2.5699920000000134,5.430008000000015
2023-06-13,253.509995,259.679993,251.339996,258.709991,258.709991,162384300,5.569993000000011,8.709992000000028,6.75,8.879988999999995
2023-06-14,260.170013,261.570007,250.5,256.790009,256.790009,170575500,6.66001799999998,1.890013999999951,-0.8399960000000135,-1.9199820000000045
2023-06-15,248.399994,258.950012,247.289993,255.899994,255.899994,160171200,-11.77001899999999,-2.6199949999999603,-3.2100069999999903,-0.8900150000000053
2023-06-16,258.920013,263.600006,257.209991,260.540009,260.540009,167563700,10.52001899999999,4.649993999999992,9.919997999999993,4.640015000000005
2023-06-20,261.5,274.75,261.119995,274.450012,274.450012,165611200,2.579987000000017,11.149993999999992,3.910004000000015,13.910003000000017
2023-06-21,275.130005,276.98999,257.779999,259.459991,259.459991,211797100,13.630004999999983,2.2399899999999775,-3.339996000000042,-14.990021000000013
2023-06-22,250.770004,265.0,248.25,264.609985,264.609985,166875900,-24.360000999999983,-11.989989999999977,-9.529998999999975,5.149993999999992
2023-06-23,259.290009,262.450012,252.800003,256.600006,256.600006,176584100,8.520004999999998,-2.549987999999985,4.550003000000004,-8.009978999999987
2023-06-26,250.070007,258.369995,240.699997,241.050003,241.050003,179990600,-9.220001999999994,-4.080016999999998,-12.100006000000008,-15.550003000000004
2023-06-27,243.240005,250.389999,240.850006,250.210007,250.210007,164968200,-6.8300020000000075,-7.979996000000028,0.15000900000001138,9.160003999999986
2023-06-28,249.699997,259.880005,248.889999,256.23999,256.23999,159770800,6.459992,9.490005999999994,8.039992999999981,6.029982999999987
2023-06-29,258.029999,260.73999,253.610001,257.5,257.5,131283400,8.330001999999979,0.8599849999999947,4.720002000000022,1.2600100000000225
2023-06-30,260.600006,264.450012,259.890015,261.769989,261.769989,112267600,2.5700070000000323,3.7100220000000377,6.280013999999994,4.26998900000001
2023-07-03,276.48999,284.25,275.109985,279.820007,279.820007,119685900,15.88998399999997,19.799987999999985,15.21996999999999,18.050017999999966
2023-07-05,278.820007,283.850006,277.600006,282.480011,282.480011,131530900,2.330016999999998,-0.3999939999999924,2.490021000000013,2.660004000000015
2023-07-06,278.089996,279.970001,272.880005,276.540009,276.540009,120332100,-0.7300109999999904,-3.880004999999983,-4.720001000000025,-5.940001999999993
2023-07-07,278.429993,280.779999,273.769989,274.429993,274.429993,113602000,0.3399970000000394,0.8099979999999505,0.8899840000000268,-2.1100159999999732
2023-07-10,276.470001,277.519989,265.100006,269.609985,269.609985,119425400,-1.9599919999999997,-3.2600099999999657,-8.669983000000002,-4.82000800000003
2023-07-11,268.649994,270.899994,266.369995,269.790009,269.790009,91972400,-7.820007000000032,-6.619995000000017,1.2699890000000096,0.18002400000000307
2023-07-12,276.329987,276.519989,271.459991,271.98999,271.98999,95672100,7.6799930000000245,5.619995000000017,5.089995999999985,2.1999809999999798
2023-07-13,274.589996,279.450012,270.600006,277.899994,277.899994,112681500,-1.7399910000000318,2.9300230000000056,-0.8599849999999947,5.910004000000015
2023-07-14,277.01001,285.299988,276.309998,281.380005,281.380005,119771100,2.4200140000000374,5.84997599999997,5.709992,3.4800109999999904
2023-07-17,286.630005,292.230011,283.570007,290.380005,290.380005,131569600,9.61999499999996,6.930023000000006,7.260008999999968,9.0
2023-07-18,290.149994,295.26001,286.01001,293.339996,293.339996,112434700,3.5199890000000096,3.029999000000032,2.440003000000047,2.9599910000000023
2023-07-19,296.040009,299.290009,289.519989,291.26001,291.26001,142355400,5.890015000000005,4.029998999999975,3.509978999999987,-2.0799859999999626
2023-07-20,279.559998,280.929993,261.200012,262.899994,262.899994,175158300,-16.48001099999999,-18.360015999999973,-28.319976999999994,-28.36001600000003
2023-07-21,268.0,268.0,255.800003,260.019989,260.019989,161050100,-11.559998000000007,-12.929993000000024,-5.400009000000011,-2.880004999999983
2023-07-24,255.850006,269.850006,254.119995,269.059998,269.059998,136508500,-12.149993999999992,1.8500060000000076,-1.680008000000015,9.040008999999998
2023-07-25,272.380005,272.899994,265.0,265.279999,265.279999,112757300,16.529998999999975,3.049987999999985,10.880005000000011,-3.779999000000032
2023-07-26,263.25,268.040009,261.75,264.350006,264.350006,95856200,-9.130004999999983,-4.859984999999995,-3.25,-0.9299929999999677
2023-07-27,268.309998,269.130005,255.300003,255.710007,255.710007,103697300,5.059998000000007,1.089995999999985,-6.449996999999996,-8.639999000000017
2023-07-28,259.859985,267.25,258.230011,266.440002,266.440002,111446000,-8.450013000000013,-1.8800049999999828,2.9300079999999866,10.729995000000002
2023-07-31,267.480011,269.079987,263.779999,267.429993,267.429993,84582200,7.620025999999996,1.829987000000017,5.549987999999985,0.9899910000000318
2023-08-01,266.26001,266.470001,260.25,261.070007,261.070007,83166000,-1.220000999999968,-2.609985999999992,-3.5299989999999752,-6.359986000000049
2023-08-02,255.570007,259.519989,250.490005,254.110001,254.110001,101752900,-10.690003000000019,-6.950012000000015,-9.759995000000004,-6.960005999999964
2023-08-03,252.039993,260.48999,252.0,259.320007,259.320007,97569100,-3.530013999999994,0.9700009999999679,1.5099950000000035,5.210005999999964
2023-08-04,260.970001,264.769989,253.110001,253.860001,253.860001,99242600,8.930008000000015,4.279999000000032,1.1100010000000111,-5.460005999999964
2023-08-07,251.449997,253.649994,242.759995,251.449997,251.449997,111097900,-9.520004000000029,-11.119995000000017,-10.350006000000008,-2.410004000000015
2023-08-08,247.449997,250.919998,245.009995,249.699997,249.699997,96642200,-4.0,-2.729996,2.25,-1.75
2023-08-09,250.869995,251.100006,241.899994,242.190002,242.190002,101596300,3.4199979999999925,0.18000800000001504,-3.110001000000011,-7.5099950000000035
2023-08-10,245.399994,251.800003,243.0,245.339996,245.339996,109498600,-5.470000999999996,0.6999969999999962,1.1000060000000076,3.149994000000021
2023-08-11,241.770004,243.789993,238.020004,242.649994,242.649994,98866600,-3.6299899999999923,-8.010009999999994,-4.979996,-2.690002000000021
2023-08-14,235.699997,240.660004,233.75,239.759995,239.759995,98595300,-6.070007000000004,-3.1299890000000232,-4.270004,-2.889998999999989
2023-08-15,238.729996,240.5,232.610001,232.960007,232.960007,88197600,3.0299990000000037,-0.1600039999999865,-1.1399989999999889,-6.799988000000013
2023-08-16,228.020004,233.970001,225.380005,225.600006,225.600006,112484500,-10.709992,-6.529999000000004,-7.229996,-7.360000999999983
2023-08-17,226.059998,226.740005,218.830002,219.220001,219.220001,120718400,-1.9600059999999928,-7.229996,-6.550003000000004,-6.380005000000011
2023-08-18,214.119995,217.580002,212.360001,215.490005,215.490005,135813700,-11.940003000000019,-9.160002999999989,-6.470000999999996,-3.729996
2023-08-21,221.550003,232.130005,220.580002,231.279999,231.279999,135702700,7.430008000000015,14.550003000000004,8.220000999999996,15.789994000000007
2023-08-22,240.25,240.820007,229.550003,233.190002,233.190002,130597900,18.699996999999996,8.690001999999993,8.970000999999996,1.910002999999989
2023-08-23,229.339996,238.979996,229.289993,236.860001,236.860001,101077600,-10.910003999999986,-1.840011000000004,-0.2600099999999941,3.6699990000000184
2023-08-24,238.660004,238.919998,228.179993,230.039993,230.039993,99777400,9.320007999999973,-0.05999800000000732,-1.1100000000000136,-6.820008000000001
2023-08-25,231.309998,239.0,230.350006,238.589996,238.589996,106612200,-7.350005999999979,0.08000200000000746,2.1700130000000115,8.550003000000004
2023-08-28,242.580002,244.380005,235.350006,238.820007,238.820007,107673700,11.270004,5.380005000000011,5.0,0.23001099999999042
2023-08-29,238.580002,257.480011,237.770004,257.179993,257.179993,134047600,-4.0,13.10000599999998,2.4199979999999925,18.35998600000002
2023-08-30,254.199997,260.51001,250.589996,256.899994,256.899994,121988400,15.619994999999989,3.029999000000032,12.819992000000013,-0.2799990000000321
2023-08-31,255.979996,261.179993,255.050003,258.079987,258.079987,108861700,1.7799990000000037,0.669983000000002,4.46000699999999,1.1799930000000245
2023-09-01,257.26001,259.079987,242.009995,245.009995,245.009995,132272500,1.2800140000000226,-2.1000060000000076,-13.040008,-13.069992000000013
2023-09-05,245.0,258.0,244.860001,256.48999,256.48999,129469600,-12.260010000000023,-1.079987000000017,2.8500060000000076,11.479994999999974
2023-09-06,255.139999,255.389999,245.059998,251.919998,251.919998,116959800,10.139998999999989,-2.610001000000011,0.1999969999999962,-4.569991999999985
2023-09-07,245.070007,252.809998,243.270004,251.490005,251.490005,115312900,-10.069991999999985,-2.5800009999999816,-1.7899940000000072,-0.4299929999999961
2023-09-08,251.220001,256.519989,246.669998,248.5,248.5,118367700,6.149993999999992,3.7099910000000023,3.3999939999999924,-2.9900049999999965
2023-09-11,264.269989,274.850006,260.609985,273.579987,273.579987,174667900,13.049988000000013,18.330016999999998,13.939987000000002,25.079987000000017
2023-09-12,270.76001,278.390015,266.600006,267.480011,267.480011,135999900,6.490021000000013,3.5400089999999977,5.990021000000013,-6.0999760000000265
2023-09-13,270.070007,274.980011,268.100006,271.299988,271.299988,111673700,-0.690003000000047,-3.410004000000015,1.5,3.8199769999999944
2023-09-14,271.320007,276.709991,270.420013,276.040009,276.040009,107709800,1.25,1.7299800000000118,2.3200069999999755,4.740021000000013
2023-09-15,277.549988,278.980011,271.0,274.390015,274.390015,133422800,6.229981000000009,2.270019999999988,0.5799870000000169,-1.6499939999999924
2023-09-18,271.160004,271.440002,263.76001,265.279999,265.279999,101543300,-6.38998399999997,-7.540008999999998,-7.2399899999999775,-9.11001600000003
2023-09-19,264.350006,267.850006,261.200012,266.5,266.5,103704000,-6.809998000000007,-3.589995999999985,-2.5599980000000073,1.2200010000000248
2023-09-20,267.040009,273.929993,262.459991,262.589996,262.589996,122514600,2.69000299999999,6.079987000000017,1.259978999999987,-3.910004000000015
2023-09-21,257.850006,260.859985,254.210007,255.699997,255.699997,119531000,-9.19000299999999,-13.07000800000003,-8.249984000000012,-6.889998999999989
2023-09-22,257.399994,257.790009,244.479996,244.880005,244.880005,127524100,-0.4500120000000152,-3.069975999999997,-9.73001099999999,-10.819991999999985
2023-09-25,243.380005,247.100006,238.309998,246.990005,246.990005,104636600,-14.019988999999981,-10.69000299999999,-6.1699979999999925,2.109999999999985
2023-09-26,242.979996,249.550003,241.660004,244.119995,244.119995,101993600,-0.4000090000000114,2.449996999999996,3.350005999999979,-2.8700100000000077
2023-09-27,244.259995,245.330002,234.580002,240.5,240.5,136597200,1.2799990000000037,-4.220000999999996,-7.080001999999979,-3.6199949999999887
2023-09-28,240.020004,247.550003,238.649994,246.380005,246.380005,117058900,-4.239991000000003,2.2200009999999963,4.069991999999985,5.880005000000011
2023-09-29,250.0,254.770004,246.350006,250.220001,250.220001,128346200,9.979996,7.220000999999996,7.700012000000015,3.839995999999985
2023-10-02,244.809998,254.279999,242.619995,251.600006,251.600006,123810400,-5.190001999999993,-0.49000499999999647,-3.730011000000019,1.3800050000000113
2023-10-03,248.610001,250.020004,244.449997,246.529999,246.529999,101985300,3.800003000000004,-4.2599950000000035,1.8300020000000075,-5.070007000000004
2023-10-04,248.139999,261.859985,247.600006,261.160004,261.160004,129721600,-0.47000200000002224,11.839980999999995,3.1500090000000114,14.630005000000011
2023-10-05,260.0,263.600006,256.25,260.049988,260.049988,119159200,11.860001000000011,1.740021000000013,8.649993999999992,-1.11001600000003
2023-10-06,253.979996,261.649994,250.649994,260.529999,260.529999,117947000,-6.020004,-1.9500120000000152,-5.600006000000008,0.4800109999999904
2023-10-09,255.309998,261.359985,252.050003,259.670013,259.670013,101377900,1.3300020000000075,-0.29000899999999774,1.4000090000000114,-0.8599859999999921
2023-10-10,257.75,268.940002,257.649994,263.619995,263.619995,122656000,2.4400019999999927,7.580016999999998,5.599990999999989,3.949982000000034
2023-10-11,266.200012,268.600006,260.899994,262.98999,262.98999,103706300,8.450012000000015,-0.3399959999999851,3.25,-0.6300050000000397
2023-10-12,262.920013,265.410004,256.630005,258.869995,258.869995,111508100,-3.279999000000032,-3.1900019999999927,-4.26998900000001,-4.11999499999996
2023-10-13,258.899994,259.600006,250.220001,251.119995,251.119995,102073800,-4.020018999999991,-5.809998000000007,-6.4100039999999865,-7.750000000000028
2023-10-16,250.050003,255.399994,248.479996,253.919998,253.919998,88917200,-8.849990999999989,-4.200012000000015,-1.7400049999999965,2.800003000000004
2023-10-17,250.100006,257.179993,247.080002,254.850006,254.850006,93562900,0.050003000000003794,1.779999000000032,-1.3999939999999924,0.930008000000015
2023-10-18,252.699997,254.630005,242.080002,242.679993,242.679993,125147800,2.5999909999999886,-2.5499880000000132,-5.0,-12.170013000000012
2023-10-19,225.949997,230.610001,216.779999,220.110001,220.110001,170772700,-26.75,-24.020004,-25.300003000000004,-22.569991999999985
2023-10-20,217.009995,218.860001,210.419998,211.990005,211.990005,137734000,-8.940001999999993,-11.75,-6.360001000000011,-8.119996000000015
2023-10-23,210.0,216.979996,202.509995,212.080002,212.080002,150683400,-7.0099950000000035,-1.8800050000000113,-7.910002999999989,0.08999700000001098
2023-10-24,216.5,222.050003,214.110001,216.520004,216.520004,118231100,6.5,5.070007000000004,11.600006000000008,4.440001999999993
2023-10-25,215.880005,220.100006,212.199997,212.419998,212.419998,107065100,-0.6199949999999887,-1.9499969999999962,-1.910004000000015,-4.100006000000008
2023-10-26,211.320007,214.800003,204.880005,205.759995,205.759995,115112600,-4.559998000000007,-5.300003000000004,-7.319991999999985,-6.660002999999989
2023-10-27,210.600006,212.410004,205.770004,207.300003,207.300003,94881200,-0.7200009999999963,-2.3899990000000173,0.8899989999999889,1.5400080000000003
2023-10-30,209.279999,210.880005,194.669998,197.360001,197.360001,136448200,-1.320007000000004,-1.5299989999999752,-11.100006000000008,-9.940001999999993
2023-10-31,196.119995,202.800003,194.070007,200.839996,200.839996,118068300,-13.160004000000015,-8.080002000000007,-0.5999909999999886,3.4799950000000024
2023-11-01,204.039993,205.990005,197.850006,205.660004,205.660004,121661700,7.919998000000021,3.1900019999999927,3.7799990000000037,4.820007999999973
2023-11-02,212.970001,219.199997,211.449997,218.509995,218.509995,125987600,8.930007999999987,13.209992,13.599990999999989,12.849991000000017
2023-11-03,221.149994,226.369995,218.399994,219.960007,219.960007,119281000,8.179992999999996,7.1699979999999925,6.949996999999996,1.4500119999999868
2023-11-06,223.979996,226.320007,215.0,219.270004,219.270004,117335800,2.8300020000000075,-0.04998799999998482,-3.3999939999999924,-0.6900029999999902
2023-11-07,219.979996,223.119995,215.720001,222.179993,222.179993,116900100,-4.0,-3.200012000000015,0.7200009999999963,2.909988999999996
2023-11-08,223.149994,224.149994,217.639999,222.110001,222.110001,106584800,3.1699979999999925,1.0299990000000037,1.9199979999999925,-0.06999199999998496
2023-11-09,219.75,220.800003,206.679993,209.979996,209.979996,142110500,-3.3999939999999924,-3.3499909999999886,-10.960005999999993,-12.130005000000011
2023-11-10,210.029999,215.380005,205.690002,214.649994,214.649994,130994000,-9.720000999999996,-5.4199979999999925,-0.9899910000000034,4.6699979999999925
2023-11-13,215.600006,225.399994,211.610001,223.710007,223.710007,140447600,5.570007000000004,10.019988999999981,5.919999000000018,9.060012999999998
2023-11-14,235.029999,238.139999,230.720001,237.410004,237.410004,149771600,19.429992999999996,12.740004999999996,19.109999999999985,13.699996999999996
2023-11-15,239.289993,246.699997,236.449997,242.839996,242.839996,150354000,4.259994000000006,8.559998000000007,5.729996,5.429992000000027
2023-11-16,239.490005,240.880005,230.960007,233.589996,233.589996,136816800,0.20001199999998676,-5.819991999999985,-5.489990000000006,-9.25
2023-11-17,232.0,237.389999,226.539993,234.300003,234.300003,142532800,-7.4900049999999965,-3.4900060000000224,-4.420013999999981,0.7100069999999903
2023-11-20,234.039993,237.100006,231.020004,235.600006,235.600006,116320100,2.0399930000000097,-0.2899929999999813,4.48001099999999,1.3000030000000038
2023-11-21,235.039993,243.619995,233.339996,241.199997,241.199997,122288000,1.0,6.519988999999981,2.3199920000000134,5.599990999999989
2023-11-22,242.039993,244.009995,231.399994,234.210007,234.210007,117950600,7.0,0.3900000000000148,-1.940002000000021,-6.989990000000006
2023-11-24,233.75,238.75,232.330002,235.449997,235.449997,65125200,-8.28999300000001,-5.2599950000000035,0.930008000000015,1.239990000000006
2023-11-27,236.889999,238.330002,232.100006,236.080002,236.080002,112031800,3.139998999999989,-0.41999799999999254,-0.22999599999999987,0.6300050000000113
2023-11-28,236.679993,247.0,234.009995,246.720001,246.720001,148549900,-0.2100059999999928,8.669997999999993,1.909988999999996,10.639998999999989
2023-11-29,249.210007,252.75,242.759995,244.139999,244.139999,135401300,12.530013999999994,5.75,8.75,-2.5800020000000075
2023-11-30,245.139999,245.220001,236.910004,240.080002,240.080002,132353200,-4.070008000000001,-7.529999000000004,-5.849991000000017,-4.059996999999981
2023-12-01,233.139999,240.190002,231.899994,238.830002,238.830002,121173500,-12.0,-5.029999000000004,-5.010009999999994,-1.25
2023-12-04,235.75,239.369995,233.289993,235.580002,235.580002,104099800,2.610001000000011,-0.8200070000000039,1.3899990000000173,-3.25
2023-12-05,233.869995,246.660004,233.699997,238.720001,238.720001,137971100,-1.8800050000000113,7.290008999999998,0.4100039999999865,3.139998999999989
2023-12-06,242.919998,246.570007,239.169998,239.369995,239.369995,126436200,9.050003000000004,-0.08999699999998256,5.470000999999996,0.6499939999999924
2023-12-07,241.550003,244.080002,236.979996,242.639999,242.639999,107142300,-1.3699949999999887,-2.4900049999999965,-2.1900019999999927,3.270004
2023-12-08,240.270004,245.270004,239.270004,243.839996,243.839996,102980100,-1.2799990000000037,1.1900019999999927,2.2900080000000003,1.1999970000000246
2023-12-11,242.740005,243.440002,237.449997,239.740005,239.740005,97913900,2.4700009999999963,-1.8300020000000075,-1.820007000000004,-4.099991000000017
2023-12-12,238.550003,238.990005,233.869995,237.009995,237.009995,95328300,-4.190001999999993,-4.449996999999996,-3.5800020000000075,-2.730009999999993
2023-12-13,234.190002,240.300003,228.199997,239.289993,239.289993,146286300,-4.360001000000011,1.3099980000000073,-5.6699979999999925,2.279998000000006
2023-12-14,241.220001,253.880005,240.789993,251.050003,251.050003,160829200,7.029999000000004,13.580002000000007,12.589996000000014,11.760009999999994
2023-12-15,251.210007,254.130005,248.300003,253.5,253.5,135720800,9.990005999999994,0.25,7.510009999999994,2.449996999999996
2023-12-18,253.779999,258.73999,251.360001,252.080002,252.080002,116416500,2.5699920000000134,4.609984999999966,3.0599980000000073,-1.4199979999999925
2023-12-19,253.479996,258.339996,253.009995,257.220001,257.220001,106737400,-0.3000030000000038,-0.3999939999999924,1.6499939999999924,5.139999000000017
2023-12-20,256.410004,259.839996,247.0,247.139999,247.139999,125097000,2.930008000000015,1.5,-6.0099950000000035,-10.080002000000036
